<?xml version="1.0" encoding="UTF-8" standalone="no"?>
<!DOCTYPE svg PUBLIC "-//W3C//DTD SVG 20010904//EN"
              "http://www.w3.org/TR/2001/REC-SVG-20010904/DTD/svg10.dtd">

<svg xmlns="http://www.w3.org/2000/svg"
     width="24px" height="24px"
     viewBox="0 0 240 240">
  <path id="Selection #2"
        fill="none" stroke="black" stroke-width="8"
        d="M 0.00,0.00
           M 131.00,26.04
           C 136.23,24.32 138.64,25.35 143.00,26.04
             153.33,27.82 162.73,30.87 172.00,35.78
             185.40,42.88 198.09,54.94 204.13,69.00
             217.57,100.29 203.47,139.59 172.00,153.69
             149.45,163.79 119.52,150.06 121.09,123.00
             121.88,109.45 128.95,97.20 137.43,87.00
             143.80,79.35 147.85,77.20 152.68,68.00
             160.07,53.92 157.81,40.53 144.00,31.55
             139.90,28.88 135.74,27.11 131.00,26.04 Z
           M 162.00,208.00
           C 162.00,208.00 138.00,205.11 138.00,205.11
             117.27,200.34 99.32,186.52 88.87,168.00
             71.73,137.60 79.74,98.78 106.00,76.30
             113.47,69.90 126.83,61.54 137.00,62.05
             146.96,62.54 150.11,71.03 144.67,79.00
             144.67,79.00 136.46,89.00 136.46,89.00
             127.33,100.30 121.83,111.29 122.00,126.00
             122.21,143.75 137.12,155.54 154.00,156.82
             159.55,157.24 167.94,154.99 173.00,152.69
             198.27,141.21 212.64,110.92 207.92,84.00
             198.94,32.80 135.74,14.48 92.00,31.06
             51.86,46.28 30.51,82.06 31.00,124.00
             31.52,168.56 68.23,208.00 112.00,213.71
             124.23,215.31 137.00,215.01 149.00,211.84
             149.00,211.84 162.00,208.00 162.00,208.00 Z" />
</svg>
